# Created by Octave 4.4.1, Mon Oct 29 13:14:32 2018 GMT <unknown@DESKTOP-2LNR36F>
# name: C
# type: matrix
# rows: 3
# columns: 4
 1 2 11 12
 3 4 13 14
 5 6 15 16


